=== PROFILE REPORT (300 frames) ===
Frame time:   avg=79.82ms   p50=67.38ms   p95=171.02ms   p99=240.49ms   min=18.71ms   max=602.26ms
Steady frame time (first 75 of 300 frames excluded):   avg=95.80ms   p50=74.61ms   p95=173.10ms   p99=240.49ms   min=18.71ms   max=602.26ms
Update ticks: avg=4.3/frame  max=8
Entity count: 1000177 (42 archetypes)

--- Per-system timing (by pipeline, then total descending) ---
Pipeline System                                Total(ms)   Avg(ms)   Min(ms)   Max(ms)   Calls   Entities
INPUT    InputKeyMouse                              5.27     0.004     0.002     0.017    1282     160250
UPDATE   UpdateVoxelSetChildren                  1506.53     1.175     0.903    28.716    1282 1282000000
UPDATE   PropagateTransform                      1266.63     0.988     0.685     9.977    1282 1282167942
UPDATE   ModifierDecay                            480.85     0.375     0.316     7.401    1282 1282000000
UPDATE   FogRevealEval                              4.10     0.003     0.002     0.011    1282          0
UPDATE   PeriodicIdlePositionOffset                 1.29     0.001     0.000     0.007    1282          0
UPDATE   PeriodicIdle                               0.57     0.000     0.000     0.002    1282          0
RENDER   SingleVoxelToCanvasFirst                1452.22     4.841     2.451    45.190     300        300
RENDER   BuildLightOcclusionGrid                  460.15     1.534     1.372     2.411     300        300
RENDER   CanvasToFramebuffer                       34.88     0.116     0.079     0.567     300        900
RENDER   LightingToTrixel                          15.89     0.053     0.020     1.031     300        300
RENDER   ComputeVoxelAO                            13.81     0.046     0.026     0.103     300        300
RENDER   ComputeLightVolume                        12.33     0.041     0.033     0.709     300        300
RENDER   ComputeSunShadow                           8.23     0.027     0.005     0.263     300        300
RENDER   ResolvePerAxisScreenDepth                  5.52     0.018     0.004     0.301     300        600
RENDER   TextToTrixel                               5.44     0.018     0.006     3.134     300          0
RENDER   FramebufferToScreen                        4.79     0.016     0.012     0.104     300        300
RENDER   BuildDistanceHiZ                           4.49     0.015     0.012     0.081     300        600
RENDER   FogToTrixel                                2.78     0.009     0.006     0.254     300        300
RENDER   BakeSunShadowMap                           2.40     0.008     0.006     0.029     300        300
RENDER   ShapesToTrixel                             1.95     0.007     0.004     0.012     300          0
RENDER   AutoProfile                                1.11     0.004     0.003     0.008     300       1200
RENDER   CameraMousePan                             1.02     0.003     0.002     0.005     300        300
RENDER   Camera                                     0.71     0.002     0.001     0.003     300        300
RENDER   YawSweep                                   0.62     0.002     0.001     0.003     300        300
RENDER   CameraMouseRotate                          0.42     0.001     0.001     0.003     300        300
RENDER   CameraKeyDragPan                           0.39     0.001     0.001     0.002     300        300
RENDER   CameraKeyDragRotate                        0.29     0.001     0.001     0.001     300        300

--- GPU frame timing ---
Envelope includes inter-submission gaps; buffer spans include GPU stalls.
Neither is GPU busy time. commandBuffers counts valid frames only.
Coverage: supported=1 attempted=300 valid=300 invalid=0 commandBuffers=300
Metric Avg(ms) Min(ms) Max(ms) Samples
envelope 59.560 8.198 551.879 300
commandBufferSpans 59.560 8.198 551.879 300

--- CPU phase timing ---
Phase                                  Avg(ms)   Max(ms) Samples
ComputeLightVolume::Clear                0.004     0.046     300
ComputeLightVolume::Populate             0.021     0.628     300
ComputeLightVolume::Upload               0.013     0.039     300

--- Run witness ---
Camera yaw: first=0.000deg last=-1.200deg travel=358.800deg samples=300
Camera zoom: first=4.000 last=4.000
Per-axis overflow: maxEntries=959592 maxDropped=0 cap=8388608 samples=296

--- Frame times (ms, in order) ---
83.491 98.269 50.594 46.744 43.879 42.712 40.039 42.302 39.116 41.468
38.004 38.338 40.715 37.577 37.589 39.598 37.055 36.656 39.420 36.470
35.994 35.568 35.423 37.731 34.182 33.394 33.892 32.821 32.967 31.922
31.443 31.630 31.145 28.353 30.648 31.407 31.118 31.777 31.187 26.795
29.087 28.954 28.137 26.080 27.272 25.548 27.555 27.437 24.614 27.382
23.588 25.829 23.677 25.562 22.782 24.854 22.292 25.222 22.856 21.916
23.720 21.251 21.162 23.324 20.628 20.892 22.952 20.431 20.752 20.442
22.868 20.523 20.112 20.495 22.767 18.712 602.260 283.185 166.867 171.318
173.044 173.657 168.052 163.320 164.656 170.982 170.539 159.117 176.689 167.286
162.085 170.747 210.708 169.787 161.416 165.032 175.916 197.727 173.740 161.200
157.441 165.235 160.482 169.842 169.768 157.612 170.107 167.488 168.765 154.743
170.094 171.019 154.720 240.487 168.407 165.800 157.618 173.987 156.338 173.097
167.359 169.192 157.818 163.611 157.475 168.462 178.240 168.366 152.785 127.731
137.853 125.002 126.284 134.024 126.806 123.051 133.036 127.735 124.539 128.656
123.402 127.478 131.577 128.315 133.153 126.861 133.388 133.543 128.139 131.606
136.202 124.388 75.311 67.720 69.668 67.156 69.228 71.756 68.910 66.975
70.572 70.203 71.195 65.810 67.371 68.303 71.078 67.378 71.637 70.335
70.793 67.139 70.318 68.224 69.615 70.407 70.872 72.716 74.298 67.432
67.118 71.889 72.316 74.027 71.344 72.210 69.966 72.683 70.221 73.774
70.796 76.878 76.460 74.613 81.374 78.615 80.864 84.905 89.359 89.326
89.459 93.994 83.915 84.888 92.884 86.811 91.537 87.555 91.659 90.641
89.568 90.375 87.451 87.649 86.510 84.173 82.513 82.201 80.008 82.706
79.393 83.863 78.498 76.800 77.457 74.685 114.947 74.093 68.625 67.774
61.705 58.672 57.266 54.610 57.426 52.835 49.220 49.333 48.138 46.551
44.291 41.886 38.851 38.635 41.723 39.858 41.193 39.545 39.690 42.308
40.195 43.215 41.440 43.528 44.174 41.630 44.625 42.112 45.826 46.333
44.026 46.652 48.419 48.441 47.502 48.670 45.530 48.042 44.440 39.084
36.907 36.825 37.145 39.788 37.379 38.316 40.110 38.028 37.854 41.612
38.502 38.341 40.593 38.410 39.558 40.599 39.202 41.695 38.998 38.638
41.948 39.815 42.347 40.103 42.991 39.147 41.872 40.078 42.313 46.663

--- Update ticks (per frame, in order) ---
1 5 5 3 3 3 2 3 2 3 2 2 3 2 2 3 2 2 3 2 2 2 2 3 2 2 2 2 2 2
2 2 2 1 2 2 2 2 2 1 2 2 2 1 2 1 2 2 1 2 1 2 1 2 1 2 1 2 1 1
2 1 1 2 1 1 2 1 1 1 2 1 1 1 2 1 1 8 8 8 8 8 8 8 8 8 8 8 8 8
8 8 8 8 8 8 8 8 8 8 8 8 8 8 8 8 8 8 8 8 8 8 8 8 8 8 8 8 8 8
8 8 8 8 8 8 8 8 8 8 7 8 7 8 8 7 7 8 7 8 7 8 7 8 7 8 7 8 8 7
8 8 7 4 5 4 4 4 4 4 4 5 4 4 4 4 4 4 4 5 4 4 4 4 5 4 4 4 5 4
4 4 4 5 4 5 4 4 4 5 4 4 5 4 5 5 5 4 6 5 5 6 5 5 5 6 5 6 5 5
6 5 6 5 5 5 5 5 5 5 5 5 5 5 4 5 4 7 5 4 4 3 4 3 4 3 3 3 3 3
3 3 2 2 3 2 3 2 2 3 2 3 2 3 3 2 3 2 3 3 2 3 3 3 3 3 2 3 3 3
2 2 2 3 2 2 3 2 2 3 2 2 3 2 2 3 2 3 2 2 3 2 3 2 3 2 3 2 2 3

=== END REPORT ===
