=== PROFILE REPORT (975 frames) ===
Frame time:   avg=8.70ms   p50=8.35ms   p95=9.08ms   p99=10.35ms   min=4.49ms   max=155.62ms
Steady frame time (first 243 of 975 frames excluded):   avg=8.69ms   p50=8.35ms   p95=8.99ms   p99=10.30ms   min=4.49ms   max=155.62ms
Update ticks: avg=1.0/frame  max=1
Entity count: 176 (36 archetypes)

--- Per-system timing (by pipeline, then total descending) ---
Pipeline System                                Total(ms)   Avg(ms)   Min(ms)   Max(ms)   Calls   Entities
INPUT    InputKeyMouse                              5.87     0.006     0.002     0.032     975     121875
INPUT    CameraScrollZoom                           0.84     0.001     0.000     0.003     975          0
UPDATE   RebuildGridVoxelsImplicit                186.32     0.191     0.137     0.664     975       1950
UPDATE   PropagateTransform                        36.52     0.037     0.026     0.226     975     128700
UPDATE   UpdateVoxelSetChildren                    10.67     0.011     0.008     0.027     975       1950
UPDATE   RebuildDetachedVoxels                      4.48     0.005     0.003     0.020     975        975
UPDATE   LodUpdate                                  3.26     0.003     0.001     0.036     975        975
UPDATE   PropagateCanvasRotation                    1.12     0.001     0.001     0.008     975          0
UPDATE   RebuildGridVoxels                          0.91     0.001     0.001     0.003     975          0
UPDATE   AutoSpinLocalTransform                     0.35     0.000     0.000     0.001     975          0
UPDATE   Lifetime                                   0.21     0.000     0.000     0.001     975          0
RENDER   SingleVoxelToCanvasFirst                 385.22     0.395     0.233    47.166     975        975
RENDER   CanvasToFramebuffer                      111.45     0.114     0.075     1.784     975       2925
RENDER   LightingToTrixel                          71.06     0.073     0.050     0.645     975        975
RENDER   ComputeVoxelAO                            70.94     0.073     0.049     0.552     975        975
RENDER   BuildLightOcclusionGrid                   64.84     0.067     0.048     0.209     975        975
RENDER   ComputeSunShadow                          53.22     0.055     0.037     0.210     975        975
RENDER   ResolvePerAxisScreenDepth                 30.39     0.031     0.021     0.734     975       1950
RENDER   FramebufferToScreen                       15.65     0.016     0.011     0.089     975        975
RENDER   ComputeLightVolume                        13.52     0.014     0.009     0.307     975        975
RENDER   BakeSunShadowMap                          12.09     0.012     0.009     0.058     975        975
RENDER   ShapesToTrixel                             9.34     0.010     0.006     0.125     975          0
RENDER   CameraMousePan                             5.07     0.005     0.002     0.026     975        975
RENDER   EntityCanvasToFramebuffer                  3.95     0.004     0.003     0.021     975          0
RENDER   CameraKeyDragPan                           2.55     0.003     0.002     0.013     975        975
RENDER   CameraMouseRotate                          2.07     0.002     0.001     0.015     975        975
RENDER   CameraKeyDragRotate                        1.65     0.002     0.001     0.012     975        975
RENDER   AutoScreenshot                             0.64     0.001     0.000     0.074     975          0

--- GPU frame timing ---
Envelope includes inter-submission gaps; buffer spans include GPU stalls.
Neither is GPU busy time. commandBuffers counts valid frames only.
Coverage: supported=1 attempted=975 valid=975 invalid=0 commandBuffers=977
Metric Avg(ms) Min(ms) Max(ms) Samples
envelope 4.493 1.725 150.606 975
commandBufferSpans 4.217 1.725 28.874 975

--- GPU stage timing ---
Stage                                  Avg(ms)   Min(ms)   Max(ms) Samples
canvasClear                              0.306     0.010     2.750     974
voxelCompact                             0.084     0.014     1.645     974
voxelSunFaces                            0.134     0.035     2.130     974
voxelPerAxisStore                        2.249     0.489     4.823     974
voxelPerAxisOverflow                     0.237     0.125     2.458     974
voxelPerAxisFinalize                     0.159     0.080     2.691     974
perAxisCellCompact                       0.149     0.101     1.946     974
computeVoxelAoPerAxis                    1.312     0.374     5.317     974
lightingPerAxis                          0.071     0.039     1.516     974
lightingOverflow                         0.825     0.077     4.317     974
perAxisScatter                           0.128     0.064     2.398     974
computeVoxelAO                           0.044     0.016     2.892     974
computeSunShadow                         0.167     0.099     2.697     974
computeLightVolume                       0.076     0.034     1.880     974
lightingToTrixel                         0.031     0.013     2.192     974
trixelToFb                               0.661     0.041     2.121     974
resolvePerAxisScreenDepth                0.059     0.036     1.878     974
fbToScreen                               0.092     0.043     1.607     974

--- Voxel cull stats ---
                        Avg            Max    Samples
Visible              2776.0           2776        974
Total                4960.0           4960        974
AxisEntries          3160.0           3160        974
Feeder                  0.0              0        974
Ratio:               0.5597 (unique retained candidates / pool slots; includes separate feeders)
Feeder ratio: cross-run only — this report's Avg is one config's feeder count, not a total to divide by. Compute pv-on Avg / pv-off Avg from two separate --occlusion-cull on/off invocations of the same scene.

--- CPU phase timing ---
Phase                                  Avg(ms)   Max(ms) Samples
ComputeLightVolume::Clear                0.005     0.291     975
ComputeLightVolume::Populate             0.000     0.002     975
ComputeLightVolume::Upload               0.004     0.022     975
PerAxisCanvas::Allocate                  2.047     2.047       1

--- Run witness ---
Camera yaw: first=22.500deg last=22.500deg travel=0.000deg samples=975
Camera zoom: first=2.000 last=2.000
Camera zoom range: min=2.000 max=2.000
Camera pivot: explicit focus on 0 of 975 frames
Per-axis overflow: maxEntries=7 maxDropped=0 cap=1048576 samples=975

--- Frame times (ms, in order) ---
100.988 5.078 9.987 15.777 8.634 7.710 7.421 8.362 6.665 9.081
7.431 8.179 8.542 8.232 8.127 8.171 8.276 8.173 8.718 7.945
8.360 8.369 8.345 8.376 8.061 8.327 8.374 8.191 8.339 8.122
8.387 8.244 8.340 8.490 8.331 8.317 8.323 8.629 8.336 8.177
8.233 8.332 8.387 8.333 8.566 8.457 8.388 8.412 8.456 8.332
8.265 8.531 8.568 8.937 8.272 8.608 8.632 8.708 7.056 8.175
8.411 8.671 8.711 8.312 7.851 8.071 8.342 8.280 8.288 7.999
8.598 8.344 8.491 8.381 8.539 8.300 8.458 8.469 8.411 8.058
8.356 8.224 8.531 8.235 8.476 8.196 8.501 8.330 8.498 8.469
8.293 7.663 8.316 8.456 8.312 8.171 9.355 7.277 8.595 8.336
8.113 8.458 8.388 8.428 8.320 8.314 8.563 8.555 8.191 8.618
7.990 8.677 8.142 8.374 8.589 8.041 8.548 8.258 8.940 8.250
8.175 8.411 8.487 8.208 8.730 8.478 8.760 7.850 5.077 7.548
9.216 8.321 8.401 7.382 9.305 8.303 8.311 8.730 6.759 9.978
8.360 8.177 9.894 7.557 7.929 8.300 9.677 7.090 8.514 9.634
6.755 8.291 8.577 8.552 8.463 7.796 8.452 9.804 7.093 8.651
8.524 8.618 8.343 8.737 8.332 8.580 7.422 8.483 8.114 8.407
8.028 8.716 8.188 8.341 8.516 8.324 6.443 10.330 8.401 8.359
8.093 8.505 8.596 8.223 8.576 7.993 8.487 7.942 8.489 7.957
8.579 8.466 8.334 8.484 8.372 8.337 8.109 7.872 8.817 8.440
8.385 8.447 8.398 7.823 8.297 8.350 8.356 8.224 8.433 8.523
8.333 8.466 8.344 8.409 6.050 10.347 8.308 8.416 6.505 10.138
8.341 8.506 8.291 8.144 8.399 8.322 8.337 7.981 8.769 8.250
8.527 8.432 8.425 8.294 7.511 8.223 8.076 8.202 8.263 8.161
8.336 8.252 8.456 8.361 8.363 8.239 6.967 9.765 8.346 8.317
8.295 8.324 8.411 8.547 8.629 8.412 8.482 8.465 8.300 8.516
8.531 8.573 8.396 8.541 7.477 8.325 6.282 10.417 8.329 8.327
8.394 8.439 8.378 8.450 6.184 10.147 8.433 8.279 8.523 8.132
8.279 8.932 6.989 8.552 8.910 8.385 7.887 7.932 8.312 8.259
8.395 8.519 8.278 8.578 8.347 8.402 6.688 10.420 8.485 8.098
8.266 8.754 8.436 7.865 8.295 8.459 8.506 8.424 8.408 8.325
8.081 8.171 8.328 8.314 8.468 8.084 8.334 8.345 6.530 10.237
8.350 8.473 8.389 8.420 8.115 8.376 8.225 8.446 8.258 8.563
8.063 8.331 8.224 8.423 8.309 8.566 8.300 8.365 6.535 10.147
8.481 8.406 8.386 7.821 8.340 8.316 8.427 7.977 8.639 8.336
8.366 8.328 8.356 8.437 8.563 7.692 8.885 8.315 8.032 8.718
8.008 8.302 6.502 10.304 8.317 8.332 8.057 8.758 7.815 9.215
5.707 10.301 8.183 8.449 8.372 8.205 8.405 8.593 8.579 8.622
8.280 8.068 9.206 7.744 8.577 8.518 8.469 8.634 8.118 8.629
7.952 8.387 8.590 7.927 8.633 8.231 8.290 8.439 8.310 8.003
5.363 8.390 8.469 9.380 7.276 9.852 6.825 8.591 8.271 7.152
9.976 8.092 8.154 9.919 6.870 8.819 8.425 8.192 8.628 8.193
8.669 8.736 8.650 8.650 8.882 8.689 5.025 8.284 8.335 8.395
8.370 8.267 8.290 7.422 9.361 8.412 8.381 7.315 9.413 8.349
8.694 6.892 10.301 8.308 7.981 9.936 7.265 8.220 8.878 8.821
7.964 8.428 8.199 8.334 8.648 8.429 8.445 8.754 7.200 8.107
8.181 9.265 7.036 8.550 8.267 8.071 9.529 7.620 7.971 8.444
6.730 10.098 8.118 8.086 9.812 6.966 8.707 8.310 8.306 8.094
8.342 8.386 8.372 8.433 8.446 8.547 8.429 8.821 7.545 8.160
155.617 5.998 7.711 7.722 5.121 8.200 8.533 8.293 8.310 8.500
8.483 8.402 9.326 8.145 8.837 8.857 9.275 6.540 7.821 8.788
7.943 8.238 8.369 8.286 8.178 8.106 8.198 8.543 8.675 7.816
8.352 8.391 8.471 8.189 8.366 8.788 8.375 7.962 8.595 8.499
8.047 8.956 8.104 8.693 8.249 8.461 8.305 8.759 8.103 8.240
8.342 8.860 8.156 8.219 8.396 8.771 8.060 8.193 8.246 8.467
8.147 8.296 7.180 8.416 8.222 8.489 8.087 8.560 8.254 8.345
8.472 8.426 8.389 8.388 8.327 8.480 8.452 8.384 8.659 8.542
8.277 8.545 8.308 8.663 8.282 8.093 8.296 8.967 7.757 8.301
8.321 8.514 8.142 8.207 8.253 8.608 7.906 8.263 7.216 8.311
8.230 8.211 8.316 8.324 8.217 8.353 8.349 8.542 8.369 8.315
8.314 8.456 8.213 8.355 8.416 8.311 8.268 8.516 8.587 8.436
8.307 8.390 8.230 8.426 8.445 8.648 8.964 8.411 8.519 7.960
6.651 10.381 8.586 8.356 7.703 8.487 8.322 8.524 8.331 8.042
8.720 8.031 8.470 8.018 8.891 8.050 8.778 8.005 8.715 8.404
8.307 7.941 7.686 7.968 8.209 8.524 8.180 8.525 8.471 8.343
8.352 8.568 8.275 8.530 8.475 8.274 8.286 8.707 8.260 8.183
8.418 8.784 7.828 8.426 8.128 7.958 7.413 8.485 8.098 8.458
8.357 8.296 8.226 8.637 8.215 8.334 8.273 8.322 8.095 8.254
8.173 8.398 8.327 8.329 8.326 8.518 8.220 8.304 8.328 7.315
9.439 8.437 8.530 8.561 8.162 8.439 8.495 6.723 9.919 8.729
8.763 8.856 8.287 8.935 6.146 10.880 8.154 8.420 8.473 8.190
8.276 8.262 8.546 8.207 8.389 8.207 6.315 10.692 8.241 8.382
9.020 8.109 4.487 8.652 8.078 8.585 8.213 8.297 8.438 8.432
8.302 8.484 7.747 9.076 8.331 8.444 8.299 8.374 8.532 8.604
8.316 8.530 8.361 8.281 8.367 8.658 9.253 7.572 8.178 8.616
8.129 8.610 8.471 8.342 8.035 8.266 8.560 8.063 8.445 8.325
8.543 8.491 8.371 8.077 6.193 9.755 8.538 8.299 8.398 8.491
8.313 8.302 8.560 8.247 8.561 8.211 8.249 8.446 8.375 8.184
8.683 8.421 8.343 7.970 8.379 8.854 6.811 8.272 8.459 8.149
8.504 8.455 8.113 6.913 10.048 8.248 8.191 8.376 8.368 8.441
8.292 8.655 8.502 8.254 8.587 8.630 8.226 8.297 8.575 8.023
8.242 7.883 8.427 8.475 8.835 8.062 8.040 8.651 8.743 8.110
7.837 8.922 8.308 8.490 7.291 8.766 8.155 8.243 8.469 8.736
8.328 8.183 7.712 8.579 8.147 8.522 8.175 8.500 8.270 8.480
8.220 8.298 8.360 8.263 8.174 8.274 8.529 8.160 8.481 8.947
8.753 7.685 8.163 8.372 8.666 8.553 8.255 8.100 8.396 8.605
8.061 8.861 7.619 8.439 8.232 8.473 8.550 8.457 7.785 8.688
8.314 8.170 8.222 8.779 8.561 7.530 8.166 8.339 8.330 8.236
8.225 8.427 8.841 8.560 8.215 8.727 7.436 8.381 8.372 8.545
8.282 8.399 8.478 8.357 8.994 8.464 7.510 8.599 8.204 8.626
8.141 8.655 7.105 8.311 8.134 8.155 8.181 8.202 8.579 8.211
8.504 8.167 8.180 8.435 8.336 8.287 8.401 8.343 8.328 8.403
8.262 8.310 8.732 8.251 8.222 8.571 8.407 8.231 8.327 8.700
8.016 8.360 8.389 8.733 8.970 8.211 7.696 8.860 8.811 8.542
8.528 6.714 8.435 8.312 8.305 8.547 7.997 8.633 7.932 8.818
8.176 8.313 8.399 8.681 8.099 8.769 8.269 8.969 7.776 8.392
8.254 8.948 7.342 8.109 8.226 8.237 8.347 8.265 8.218 8.550
8.401 8.488 130.229 5.011 6.932

--- Update ticks (per frame, in order) ---
1 1 1 1 1 1 1 1 1 1 1 1 1 1 1 1 1 1 1 1 1 1 1 1 1 1 1 1 1 1
1 1 1 1 1 1 1 1 1 1 1 1 1 1 1 1 1 1 1 1 1 1 1 1 1 1 1 1 1 1
1 1 1 1 1 1 1 1 1 1 1 1 1 1 1 1 1 1 1 1 1 1 1 1 1 1 1 1 1 1
1 1 1 1 1 1 1 1 1 1 1 1 1 1 1 1 1 1 1 1 1 1 1 1 1 1 1 1 1 1
1 1 1 1 1 1 1 1 1 1 1 1 1 1 1 1 1 1 1 1 1 1 1 1 1 1 1 1 1 1
1 1 1 1 1 1 1 1 1 1 1 1 1 1 1 1 1 1 1 1 1 1 1 1 1 1 1 1 1 1
1 1 1 1 1 1 1 1 1 1 1 1 1 1 1 1 1 1 1 1 1 1 1 1 1 1 1 1 1 1
1 1 1 1 1 1 1 1 1 1 1 1 1 1 1 1 1 1 1 1 1 1 1 1 1 1 1 1 1 1
1 1 1 1 1 1 1 1 1 1 1 1 1 1 1 1 1 1 1 1 1 1 1 1 1 1 1 1 1 1
1 1 1 1 1 1 1 1 1 1 1 1 1 1 1 1 1 1 1 1 1 1 1 1 1 1 1 1 1 1
1 1 1 1 1 1 1 1 1 1 1 1 1 1 1 1 1 1 1 1 1 1 1 1 1 1 1 1 1 1
1 1 1 1 1 1 1 1 1 1 1 1 1 1 1 1 1 1 1 1 1 1 1 1 1 1 1 1 1 1
1 1 1 1 1 1 1 1 1 1 1 1 1 1 1 1 1 1 1 1 1 1 1 1 1 1 1 1 1 1
1 1 1 1 1 1 1 1 1 1 1 1 1 1 1 1 1 1 1 1 1 1 1 1 1 1 1 1 1 1
1 1 1 1 1 1 1 1 1 1 1 1 1 1 1 1 1 1 1 1 1 1 1 1 1 1 1 1 1 1
1 1 1 1 1 1 1 1 1 1 1 1 1 1 1 1 1 1 1 1 1 1 1 1 1 1 1 1 1 1
1 1 1 1 1 1 1 1 1 1 1 1 1 1 1 1 1 1 1 1 1 1 1 1 1 1 1 1 1 1
1 1 1 1 1 1 1 1 1 1 1 1 1 1 1 1 1 1 1 1 1 1 1 1 1 1 1 1 1 1
1 1 1 1 1 1 1 1 1 1 1 1 1 1 1 1 1 1 1 1 1 1 1 1 1 1 1 1 1 1
1 1 1 1 1 1 1 1 1 1 1 1 1 1 1 1 1 1 1 1 1 1 1 1 1 1 1 1 1 1
1 1 1 1 1 1 1 1 1 1 1 1 1 1 1 1 1 1 1 1 1 1 1 1 1 1 1 1 1 1
1 1 1 1 1 1 1 1 1 1 1 1 1 1 1 1 1 1 1 1 1 1 1 1 1 1 1 1 1 1
1 1 1 1 1 1 1 1 1 1 1 1 1 1 1 1 1 1 1 1 1 1 1 1 1 1 1 1 1 1
1 1 1 1 1 1 1 1 1 1 1 1 1 1 1 1 1 1 1 1 1 1 1 1 1 1 1 1 1 1
1 1 1 1 1 1 1 1 1 1 1 1 1 1 1 1 1 1 1 1 1 1 1 1 1 1 1 1 1 1
1 1 1 1 1 1 1 1 1 1 1 1 1 1 1 1 1 1 1 1 1 1 1 1 1 1 1 1 1 1
1 1 1 1 1 1 1 1 1 1 1 1 1 1 1 1 1 1 1 1 1 1 1 1 1 1 1 1 1 1
1 1 1 1 1 1 1 1 1 1 1 1 1 1 1 1 1 1 1 1 1 1 1 1 1 1 1 1 1 1
1 1 1 1 1 1 1 1 1 1 1 1 1 1 1 1 1 1 1 1 1 1 1 1 1 1 1 1 1 1
1 1 1 1 1 1 1 1 1 1 1 1 1 1 1 1 1 1 1 1 1 1 1 1 1 1 1 1 1 1
1 1 1 1 1 1 1 1 1 1 1 1 1 1 1 1 1 1 1 1 1 1 1 1 1 1 1 1 1 1
1 1 1 1 1 1 1 1 1 1 1 1 1 1 1 1 1 1 1 1 1 1 1 1 1 1 1 1 1 1
1 1 1 1 1 1 1 1 1 1 1 1 1 1 1

=== END REPORT ===
